-,-,-
26.367188, -554.931641, 896.484375
-33.447266, -595.458984, 903.808594
-79.345703, -777.099609, 897.460938
-253.662109, -726.318359, 852.539062
-186.279297, -601.806641, 958.496094
-235.107422, -529.052734, 1005.859375
-220.947266, -484.130859, 1033.203125
-23.681641, -596.435547, 1056.640625
460.937500, -613.037109, 1261.718750
318.847656, -810.302734, 993.164062
122.070312, -735.595703, 754.394531
145.507812, -728.759766, 729.980469
-5.615234, -576.904297, 457.031250
-190.185547, -305.419922, 200.195312
-315.185547, -411.376953, 86.914062
-424.072266, -399.169922, 129.394531
-628.173828, -367.919922, 244.140625
-662.841797, -487.548828, 434.570312
-742.919922, -416.748047, 740.234375
-492.431641, -445.068359, 1031.250000
-233.154297, -467.041016, 1345.703125
14.160156, 28.808594, 1851.562500
-133.056641, -586.669922, 1389.648438
592.773438, -521.728516, 1668.945312
674.316406, -321.533203, 1615.234375
604.492188, -531.982422, 1449.707031
481.445312, -425.048828, 1265.625000
397.460938, -469.970703, 1083.984375
453.125000, -481.201172, 988.281250
527.343750, -570.556641, 876.953125
458.007812, -510.009766, 703.613281
317.871094, -527.587891, 487.304688
222.656250, -334.228516, 472.656250
344.726562, -519.775391, 445.800781
173.339844, -241.943359, 311.035156
87.402344, -306.884766, 390.625000
-9.033203, -454.345703, 370.605469
-238.525391, -447.998047, 312.500000
-543.212891, -484.619141, 252.929688
-681.884766, -516.357422, 351.562500
-743.896484, -477.294922, 558.593750
-591.064453, -572.021484, 887.207031
-546.630859, -539.306641, 1062.011719
-257.568359, -491.943359, 1305.664062
-38.330078, -540.283203, 1393.554688
211.914062, -493.896484, 1515.625000
554.199219, -439.697266, 1374.023438
982.421875, -267.333984, 1699.218750
716.308594, -312.255859, 1351.074219
596.679688, -434.326172, 1259.765625
456.054688, -366.455078, 1054.687500
631.347656, -335.205078, 1086.914062
733.398438, -448.974609, 988.769531
615.722656, -459.716797, 740.234375
546.875000, -521.240234, 582.031250
441.406250, -552.490234, 376.953125
285.644531, -548.583984, 271.484375
258.789062, -476.318359, 383.789062
130.859375, -477.294922, 358.398438
12.695312, -462.646484, 348.632812
-239.501953, -416.748047, 268.554688
-375.732422, -510.986328, 236.328125
-768.310547, -425.537109, 202.636719
-861.572266, -352.294922, 387.207031
-764.404297, -571.533203, 655.273438
-645.751953, -428.955078, 824.218750
-339.599609, -484.619141, 1174.804688
-9.521484, -525.146484, 1461.914062
104.003906, -484.130859, 1435.058594
387.207031, -648.681641, 1464.843750
571.777344, -531.982422, 1497.070312
779.296875, -466.064453, 1562.011719
685.058594, -437.744141, 1452.636719
623.046875, -504.638672, 1285.156250
582.031250, -464.599609, 1151.367188
611.328125, -530.029297, 1034.179688
605.957031, -549.560547, 753.417969
593.261719, -534.912109, 577.148438
411.621094, -630.126953, 241.210938
211.425781, -505.615234, 157.226562
192.871094, -311.767578, 280.273438
30.273438, -260.498047, 235.351562
-74.951172, -388.427734, 269.531250
-383.056641, -329.833984, 177.734375
-547.119141, -465.087891, 210.937500
-690.673828, -471.435547, 300.781250
-580.322266, -638.427734, 694.335938
-570.068359, -652.099609, 859.375000
-345.458984, -702.392578, 1209.960938
-192.626953, -609.130859, 1358.398438
15.136719, -506.591797, 1478.515625
203.613281, -314.697266, 1438.476562
400.878906, -342.529297, 1399.414062
658.203125, -380.126953, 1522.460938
827.636719, -273.193359, 1560.058594
770.507812, -156.982422, 1443.359375
677.734375, -324.951172, 1222.656250
636.718750, -325.927734, 1075.195312
648.437500, -414.794922, 831.542969
653.808594, -552.490234, 596.191406
455.078125, -447.021484, 363.769531
433.593750, -419.677734, 373.046875
215.820312, -397.216797, 257.324219
150.878906, -328.857422, 301.757812
22.949219, -354.248047, 297.851562
-224.365234, -477.294922, 178.710938
-495.849609, -498.291016, 177.734375
-704.833984, -622.802734, 174.804688
-787.841797, -631.591797, 422.363281
-775.146484, -583.251953, 702.636719
-644.775391, -622.802734, 1082.031250
-385.009766, -590.576172, 1426.269531
-103.759766, -496.337891, 1514.648438
183.105469, -925.048828, 1574.218750
556.640625, -249.267578, 1561.035156
749.511719, -190.673828, 1637.207031
807.617188, 55.175781, 1627.441406
703.125000, -393.310547, 1304.687500
559.570312, -388.427734, 1027.343750
680.175781, -370.849609, 893.554688
876.464844, -501.708984, 823.242188
834.472656, -423.583984, 635.742188
611.816406, -564.208984, 482.421875
362.792969, -471.435547, 324.218750
163.085938, -409.423828, 212.890625
24.902344, -218.994141, 316.406250
-167.236328, -293.701172, 213.867188
-321.044922, -365.966797, 155.761719
-474.365234, -395.263672, 247.070312
-602.294922, -574.951172, 232.421875
-776.123047, -550.537109, 478.515625
-800.048828, -538.818359, 642.578125
-578.857422, -668.701172, 1102.539062
-413.330078, -651.123047, 1327.636719
-71.533203, -708.740234, 1559.082031
115.722656, -495.361328, 1462.890625
426.757812, -430.419922, 1523.437500
637.207031, -341.552734, 1573.242188
734.375000, -270.263672, 1539.062500
843.750000, -358.154297, 1445.312500
733.398438, -409.423828, 1138.671875
740.722656, -334.228516, 926.757812
748.535156, -404.052734, 791.015625
695.312500, -411.865234, 580.078125
696.289062, -468.017578, 473.632812
549.316406, -375.732422, 424.804688
190.917969, -336.181641, 143.554688
77.148438, -376.708984, 172.851562
-196.044922, -261.962891, -3.662109
-366.455078, -461.669922, -5.126953
-540.283203, -617.431641, 54.687500
-653.076172, -568.115234, 292.968750
-685.791016, -569.580078, 672.363281
-791.748047, -701.416016, 865.234375
-517.822266, -775.634766, 1301.269531
-319.091797, -648.193359, 1500.976562
-149.169922, -562.744141, 1501.953125
295.898438, -499.755859, 1499.023438
417.968750, -460.205078, 1466.796875
793.457031, -436.767578, 1741.699219
838.867188, 70.800781, 1641.601562
671.875000, -59.814453, 1325.683594
560.546875, -113.525391, 1018.554688
711.425781, -252.685547, 761.718750
823.242188, -262.939453, 655.273438
844.726562, -489.990234, 523.437500
684.082031, -409.423828, 406.250000
569.335938, -283.935547, 396.484375
305.664062, -442.626953, 269.531250
5.371094, -385.498047, 105.957031
-327.880859, -482.666016, -47.607422
-378.173828, -554.931641, 112.304688
-789.306641, -617.919922, -2.685547
-810.791016, -684.326172, 257.324219
-664.794922, -673.095703, 674.316406
-485.595703, -801.025391, 1115.722656
-333.251953, -640.380859, 1406.738281
-114.013672, -543.701172, 1699.218750
-66.162109, -563.232422, 1376.464844
372.558594, -377.685547, 1552.246094
559.570312, -105.224609, 1454.589844
657.226562, -195.068359, 1488.281250
779.785156, -134.033203, 1385.742188
917.480469, -205.322266, 1316.406250
867.187500, -136.474609, 1118.652344
890.136719, -392.822266, 899.414062
876.953125, -390.380859, 654.296875
752.929688, -470.458984, 414.550781
683.105469, -462.158203, 359.375000
362.304688, -240.966797, 213.867188
255.371094, -405.029297, 220.703125
-92.529297, -174.560547, 37.109375
-433.349609, -242.919922, -10.498047
-576.904297, -483.642578, -27.099609
-705.810547, -481.201172, 269.531250
-560.302734, -796.630859, 455.078125
-423.583984, -989.990234, 857.910156
-754.638672, -931.396484, 864.257812
-450.927734, -1036.865234, 1218.750000
-167.236328, -973.876953, 1191.894531
